1.0 136333808392.3279
1.0115911122238297 132039656444.93384
1.023316578330245 127880743573.02405
1.0351779556301763 123852811078.45781
1.0471768194855202 119951734354.3025
1.05931476351837 116173518663.28798
1.071593399822671 112514295049.15234
1.0840143591783309 108970316376.6909
1.09657929126781 105537953496.4635
1.1092898648952227 102213691530.23145
1.1221477682079803 98993700531.64412
1.135154708920999 95834324557.12148
1.148312414543511 92775769515.71333
1.1616226326085017 89814818379.3546
1.1750871309048074 86948356759.06718
1.1887076977119033 84173369630.62201
1.2024861420374122 81486938164.64525
1.216424293857368 78886236657.8382
1.2305240043592616 76368529562.08577
1.244787146187906 73931168608.33115
1.259215613694151 71571590022.19417
1.2738113231864785 69287311828.40804
1.288576213185518 67075931241.23976
1.303512244681509 64935122138.15402
1.3186214013947486 62862632614.06386
1.333905690039059 60856282613.598076
1.3493671405883065 58913961638.89798
1.3650078065460138 57033626530.53283
1.3808297652180923 55213299319.20335
1.3968351179887397 53451065145.974205
1.4130259905995337 51744252546.3216
1.4294045334317613 50066346262.8295
1.4459729217920199 48442839284.07337
1.4627333562011302 46871968266.85585
1.4796880626863964 45352027015.30142
1.4968392930772558 43881364629.16732
1.5141893253043521 42458383712.141014
1.53174046370208 41081538638.1801
1.5494950393146318 39749333874.01643
1.567455410205595 38460322356.003876
1.5856239617711372 37213103919.55034
1.6040031070568201 36006323779.43084
1.6225952870780873 34838671059.333244
1.6414029711444666 33708877369.042446
1.6604286571875297 32615715427.71957
1.6796748720926535 31557997731.783665
1.6991441720346263 30534575265.95065
1.718839142817146 29544336256.03181
1.7387624002162507 28586204962.139645
1.7589165903277328 27659140510.991272
1.7793043899185776 26762376481.1896
1.7999285067824768 25899107932.998745
1.8207916800994628 25063680905.940746
1.8418966807997113 24255197632.640205
1.8632463119315603 23472789289.580975
1.8848434090337958 22715615064.13404
1.9066908405122525 21982861251.652912
1.9287915080207783 21273740381.66787
1.9511483468466169 20587490372.24125
1.973764326300256 19923373711.576515
1.996642450109794 19280676666.002872
2.019785756819879 18658708513.48556
2.043197320195271 18056800801.83936
2.0668802496290826 17474306630.849213
2.0908376905557504 16910599957.527714
2.115072824868795 16365074923.763891
2.1395888713434217 15837145205.641676
2.1643890860640207 15326243383.72988
2.1894767628566214 14831820333.667906
2.21485523372636 14353344636.39312
2.240527869300019 13889487370.290218
2.2664980792736933 13430148681.547253
2.2927693128656492 12985997408.917221
2.319345059274428 12556531515.205462
2.346228848142263 12141265554.729723
2.3734242500238665 11739730125.130402
2.4009348768606524 11351471337.28858
2.428764382460451 10976050302.754047
2.4569164629827904 10613042638.10489
2.485394857429799 10262037985.67957
2.514203348142797 9922639550.140884
2.543345761304649 9594463650.348722
2.572825967447933 9277139286.036352
2.6026478819690055 8970307718.801067
2.632815465648021 8673622066.93668
2.663332725174982 8386746913.65051
2.6942037136818833 8109357928.223
2.7254325312810286 7841141499.682438
2.7570233256095835 7581794382.581393
2.7889802923804403 7331023354.475329
2.8213076759394715 7087596711.674368
2.8540097698292386 6842988840.562964
2.887090917359236 6606820136.958375
2.9205555121827462 6378799541.731867
2.954407998880381 6158646030.57658
2.9886528735503837 5946088268.164545
3.0232946844057778 5740864274.218337
3.058338032378433 5542721101.087169
3.0937875717301377 5351414522.43115
3.1296480106707514 5166708732.631196
3.165924111983522 4988376056.555206
3.202620693657652 4816196669.323824
3.2397426295281972 4649958325.731433
3.2772948499233836 4489456098.989814
3.3152823423194246 4334492128.473401
3.3537101520029307 4184875376.156123
3.3925833827409932 4040421391.4404507
3.431907197459044 3900952084.08959
3.471686818926561 3766295504.983773
3.511927530450729 3636285634.431105
3.552634676578141 3511186717.1268673
3.5938136638046276 3393708780.7359853
3.6354699612933197 3280160164.6268053
3.6776091016010324 3170409487.9546413
3.7202366814130676 3064329761.1902432
3.7633583622865348 2961798239.3964148
3.806979871402286 2862696280.4051304
3.851107002325571 2766909207.7315207
3.8957456157755033 2674326178.066621
3.94090164040345 2584840053.1959515
3.986581073580441 2498347276.1962132
4.032789982193707 2414747751.7672367
4.079534503452451 2333944730.5610905
4.126820845702954 2255844697.37495
4.174655289253137 2180357263.0786443
4.223044187206674 2107395060.152226
4.271993966306779 2036873641.7130122
4.321511127789764 1968711383.9155753
4.371602248248505 1902829391.612049
4.422273980505899 1839151407.1639051
4.473533054498466 1777581293.117011
4.525386278170169 1717926592.5200715
4.577840538376618 1660273117.2206638
4.6309028017997385 1604553758.8234468
4.684580115873048 1550703658.40367
4.738879609717653 1498660131.137104
4.79380849508911 1448362593.4541547
4.849374067335235 1399752492.6337063
4.905583706365047 1352773238.7549808
4.962444877628916 1307370138.928517
5.019965133110081 1263490333.7299366
5.078152112327673 1221082735.762766
5.137013543351341 1180097970.279049
5.19655724382766 1140488317.7888374
5.256791122018422 1102207658.5919833
5.3177231778509695 1065211419.1678817
5.3793615039807 1029456520.3609457
5.44171428686589 994901327.3016975
5.50478980785497 961505601.0053669
5.5685964442864115 929230451.5918273
5.633142670601354 898027650.9417169
5.698437059469139 867813927.6080801
5.764488282925877 838616318.7495356
5.831305113526222 810400665.9626669
5.898896425508497 783133958.630901
5.967271195973313 756784295.3744175
6.036438506075867 731320846.7942001
6.10640754223204 706713819.466804
6.177187597338491 682934421.1478727
6.2487880720068905 659954827.1438445
6.321218475812452 637748147.8126575
6.394488428556941 616288397.1555508
6.468607661546326 595550462.463371
6.543586018883234 575510074.9819756
6.619433458774393 556143781.5625535
6.6961600548532205 537428917.2637979
6.77377599751775 519343578.87399507
6.852291595284062 501866599.32215136
6.931717276155405 484977522.94833046
7.012063589007182 468656581.6043544
7.093341204987995 452879721.63357544
7.1755609189369265 437610407.1463835
7.258733650817251 422855704.11754876
7.342870447166764 408598276.2932483
7.427982482564916 394821371.18611
7.5140810611169675 381508800.4270122
7.6011776179553285 368644920.7778795
7.689283720758311 356214615.78324497
7.778411071286489 344203278.0391023
7.86857150693685 332596792.05829
7.9597770023149845 321381517.7123492
8.052039670825476 310544274.23046976
8.145371766280743 300072324.7367914
8.239785684528517 289953361.3079541
8.335293965098193 280175490.5334069
8.431909292866257 270727219.56156147
8.529644499741023 261597442.61545628
8.628512566366892 252775427.96214086
8.728526623848378 244250805.32051763
8.82969995549409 236013553.69290024
8.932045998580966 228050243.55389813
9.035578346138928 220340087.4847747
9.14031074875623 212890504.30229694
9.24625711640574 205692691.18318996
9.353431520292384 198738142.5626971
9.461848194721998 192018640.10093778
9.571521538991863 185526242.98778588
9.68246611930312 179253278.57485756
9.794696670695393 173192333.32356983
9.908228099003795 167336244.05861843
10.023075482838653 161678089.51656845
10.139254075588152 156211182.17961016
10.256779307444218 150929060.3848584
10.375666787451859 145825480.6999055
10.495932305582278 140894410.5556466
10.617591834830002 136130021.12769982
10.740661533334334 131526680.45803803
10.865157746525384 127078946.80872877
10.991097009294972 122781562.23995441
11.118496048192709 118629446.4047477
11.247371783647518 114616115.7507082
11.377741332214915 110732787.53517984
11.509622008850323 106980986.14856087
11.64303132920877 103356258.40511046
11.777987011971193 99854301.83792104
11.91450698119776 96470959.59976274
12.052609368708426 93202215.53637646
12.192312516491107 90044189.42638436
12.33363497913776 86993132.38218446
12.476595526308698 84045422.40638977
12.621213145225473 81197560.09855005
12.767507043192657 78446164.50707912
12.91549665014884 75787969.12147598
13.065201621247212 73219818.00009848
13.216641839466051 70738662.02890533
13.369837418249466 68341555.30674025
13.524808704178753 66025651.65287805
13.681576279674719 63788201.232700534
13.840160965731314 61626547.29750748
14.000583824680975 59538123.03460356
14.162866162991987 57519895.51043523
14.327029534098308 55568272.49463533
14.493095741262165 53682848.05787123
14.661086840469844 51861377.429691225
14.831025143361044 50101691.93552432
15.002933220192181 48401696.41791734
15.176833902834053 46759366.74513244
15.352750287804227 45172747.40414778
15.530705739334602 43639949.175201885
15.710723892474505 42159146.88512065
15.89282865622978 40728577.23675897
16.077044216738237 39346536.71197882
16.26339504048192 38011379.545673676
16.451905877536625 36721515.768432684
16.642601764859037 35475409.31552019
16.835508029612022 34271576.19992472
17.030650292528442 33108582.74730657
17.22805447131394 31985043.89074883
17.42774678408919 30899621.52328532
17.62975375287206 29851022.906248543
17.83410220710008 28837781.713430908
18.040819287193827 27858294.486718003
18.249932448161523 26912068.208499406
18.461469463245475 25997973.690787278
18.67545842761076 25114920.071314152
18.891927762076662 24261853.51305377
19.11090621689138 23437755.947858505
19.332422875550453 22641643.862717286
19.55650715865949 21872567.127188273
19.78318882784164 21129607.860610276
20.01249798969037 20411879.337743428
20.24446509976804 19718524.93153608
20.479120966650854 19048717.09175845
20.71649675602069 18401656.358286895
20.95662399480433 17776570.407863326
21.19953457536071 17172713.133194473
21.445260759716675 16589363.753294194
21.693835183851842 16025825.954009123
21.945290862033136 15481427.057703702
22.199661191199546 14955517.221115962
22.45697995539774 14447119.596734338
22.717281330269053 13955089.39393137
22.98059988758851 13479813.440709975
23.246970599856482 13020721.33799187
23.516428844943487 12577262.10231019
23.789010410788933 12148903.505055882
24.06475150015424 11735131.434206693
24.343688735431105 11335449.277773483
24.625859163505467 10949377.32822538
24.911300260677884 10576452.207179997
25.20004993764092 10216226.309669225
25.49214654451423 9868267.267314825
25.787628875938008 9532157.42977038
26.08653617622548 9207493.363808231
26.3889081445751 8893885.369451154
26.694784940343208 8590957.01256881
27.004207188377723 8298344.6733789425
27.31721598441376 8015697.11031214
27.633852900531696 7742675.03871753
27.954159990678562 7478950.723904456
28.27817979625341 7223870.054500358
28.60595535175742 6976689.897479485
28.937530190509502 6737966.45094154
29.27294835042816 6507410.425693851
29.612254379880344 6284742.427286481
29.955493343598132 6069692.617622644
30.30271082866396 5862000.388140074
30.65395295056527 5661414.044167683
31.00926635931927 5467690.500075525
31.368698245668767 5280594.984848943
31.732296347349763 5099900.757730578
32.100108955431715 4925388.833585982
32.47218492073129 4756847.717660399
32.84857366030044 4594073.149405614
33.229325163989714 4436867.85506679
33.614490001087646 4285041.308729733
34.00411932703706 4138409.501539375
34.39826489022924 3996794.7188100666
34.79697903887691 3860025.32475781
35.20031472796679 3727935.5545939235
35.60832552629278 3600120.5798181016
36.0210656235707 3476161.3918074584
36.43858983763545 3356469.9843450338
36.86095362172158 3240899.4355827062
37.28821307182833 3129307.8811139255
37.72042493416997 3021558.339899387
38.15764661271248 2917518.5461836546
38.59993617679767 2817060.7871965836
39.0473523688556 2720061.7464404837
39.49995461220643 2626402.3523707953
39.957803018952696 2535967.63228466
40.420958397963076 2448646.5712381843
40.88948226294862 2364331.975819337
41.36343684063276 2282920.3426093445
41.84288507901582 2204311.7311713016
42.32789065573551 2128409.641410145
42.818517986524135 2055120.8951535742
43.31483223376401 1984355.5218086583
43.816899315141924 1916026.647953873
44.32478591240398 1850050.3907311196
44.838559480211885 1786126.4875092562
45.35828825510189 1723981.4503795109
45.88404126454759 1663998.514560591
46.4158883361278 1606102.4622580267
46.95390010680061 1550220.6922917513
47.49814803228502 1496283.129076891
48.048704396551315 1444222.1347704772
48.605642321421364 1393972.424473979
49.16903577628029 1345470.9843853468
49.73895958790065 1298656.992797995
50.31548945038054 1253471.7438477098
50.89870193519682 1209858.5739118857
51.488674501374945 1167762.790568863
52.085485505776624 1127131.6040283006
52.689214213506744 1087914.0609466557
53.2999408084409 1050060.9805448074
53.91774640387502 1013524.8929477388
54.54271305329833 978259.9796690149
55.174923761291254 944222.016165438
55.81446249454963 911368.3163898819
56.461414193036696 879471.9703107341
57.11586478126432 848359.1798647818
57.77790117970504 818347.0205496631
58.44761131633634 789396.5582493439
59.12508413831878 761470.2360711183
59.810409623809406 734531.825630491
60.50367879391221 708546.3800591456
61.204983724767 683480.188675068
61.91441755977845 659300.7332560191
62.632074521986894 635976.6458596573
63.35804992658251 613477.6681356048
64.09244019356453 591774.6120766848
64.83534286054724 570839.3221584283
65.58685659571432 550644.6388177519
66.34708121092348 531164.3632234281
67.11611767496282 512373.2232926754
67.89406812696109 494246.8409097718
68.68103588995304 476761.7003042003
69.47712548460235 459895.11754728976
70.2824426430835 443625.2111278065
71.09709432312435 427930.7943554916
71.9211887222119 412791.46635571035
72.7548352919623 398187.7273239927
73.59814475265766 384100.6299075772
74.45122910795139 370511.8970352718
75.31420165974372 357403.89820602426
76.18717702322995 344759.62661627406
77.07027114212299 332562.6770964169
77.96360130405233 320797.2248277628
78.86728615614152 309448.00481237285
79.78144572076624 298500.2920691467
80.70620141149503 287939.88253046974
81.64167604921468 277753.0746146353
82.58799387844267 267926.6514501425
83.54528058382867 258447.86372880376
84.51366330684718 249304.41316542312
85.4932706626838 240484.4365425866
86.48423275731722 231976.49031986695
87.4866812047991 223769.53578747655
88.50074914473433 215852.92474510986
89.52657125996396 208234.5352590121
90.5642837944529 200912.41761333804
91.61402457138517 193847.76405784313
92.67593301146879 187031.52159048157
93.75015015145286 180454.95552965684
94.83681866285923 174109.63832158633
95.93608287093141 167987.4387412098
97.04808877380302 162080.51147280994
98.17298406188836 156381.28705698898
99.31091813749795 150882.46219112357
100.46204213468131 145576.9903708666
101.62650893929951 140458.0728607072
102.80447320933096 135519.14998201528
103.99609139541202 130753.89270741213
105.20152176161591 126156.19455069167
106.42092440647247 121720.16374190465
107.65446128423159 117440.11567757587
108.90229622637304 113310.56563638251
110.16459496336569 109326.2217509592
111.44152514667881 105481.9782268234
112.73325637104871 101769.8934536786
114.03996019700331 98184.25608836027
115.36181017364785 94724.95029254076
116.69898186171474 91387.52508364532
118.05165285688055 88167.68629798565
119.42000281335325 85061.29106567065
120.8042134677329 82064.3424801782
122.20446866314886 79172.98445572909
123.62095437367692 76383.49676584722
125.05385872903915 73692.29025672209
126.50337203959039 71095.90222921492
127.96968682159417 68590.99198356691
129.45299782279162 66174.33652107713
130.95350204826676 63842.826397219855
132.47139878661176 61593.46172086548
134.00688963639504 59423.34829445852
135.56017853293687 57329.69389018423
137.13147177539454 55309.80465733578
138.7209780541621 53361.08165625676
140.32890847858732 51481.01751440095
141.95547660501015 49664.831949052656
143.60089846512608 47909.699570806806
145.26539259467813 46216.592695066545
146.9491800624817 44583.319374023224
148.65248449978571 43007.76512203297
150.37553212997383 41487.89017815202
152.11855179861047 40021.72686541176
153.88177500383463 38607.377043415814
155.6654359271062 37243.0096509602
157.46977146430865 35926.858335496
159.29502125721228 34657.21916636506
161.14142772530198 33432.44842884865
163.0092360979741 32250.960496172753
164.8986944471065 31111.225776715513
166.8100537200059 30011.768733758963
168.74356777273758 28951.165975221393
170.6994934038408 27928.04441089748
172.6780903884356 26941.07947482021
174.67962151272457 25988.993410443483
176.70435260889465 25070.553616425223
178.75255259042353 24182.78410814918
180.82449348779517 23324.344727561212
182.92045048462938 22496.378186378926
185.04070195423023 21697.802761338673
187.18552949655793 20927.575128128952
189.35521797562953 20184.6889983066
191.55005555735278 19468.173804599868
193.7703337477989 18777.09343288028
196.01634743191858 18110.544999147023
198.28839491270713 17467.657669925815
200.58677795082338 16847.59152454122
202.9118018046678 16249.536457775881
205.2637752709252 15672.71112148316
207.64301072557748 15116.361903770305
210.04982416539153 14579.76194441855
212.4845352498883 14062.210185253693
214.94746734379805 13563.030454226642
217.438947560008 13081.570582007189
219.95930680300748 12617.201549936848
222.5088798128369 12169.316668227673
225.08800520954617 11736.140191862307
227.697025538168 11317.088326710616
230.33628731421314 10912.999176240366
233.00614106969246 10523.3384798626
235.7069413996728 10147.591053370323
238.43904700937205 9785.26010779442
241.2028207618007 9435.866592580544
243.99862972595503 9098.948562218686
246.82684522556926 8774.060565487967
249.6878428884327 8460.773056509108
252.5820026962785 8158.671826826002
255.50970903525072 7867.357457765449
258.4713507469564 7586.444792351019
261.4673211801092 7315.5624260728355
264.498018242772 7054.352215840032
267.5638444552045 6802.468806466605
270.6652070033241 6559.5791740646555
273.80251779278575 6325.362185741298
276.97619350368905 6099.5081750170775
280.18665564591953 5881.718532404577
283.43433061513093 5670.979656513722
286.71964974937697 5467.063328282236
290.04304938639916 5270.479397088714
293.4049709215787 5080.964205510784
296.8058608665602 4898.263576688199
300.2461709085549 4722.132473421864
303.72635797033115 4552.334669530969
307.24688427090035 4388.642433027395
310.8082173869064 4230.836220682499
314.41083031472647 4078.7043835766585
318.05520153329195 3932.0428832366215
321.74181506763716 3790.655017979943
325.4711605531848 3654.351159099522
329.24373330077685 3522.948496534368
333.06003436245885 3396.2707936855168
336.9205705980267 3274.1481510482454
340.8258547423452 3156.4167783435882
344.7764054734464 3042.9187748434897
348.77274748141775 2933.5019175950406
352.81541153808826 2828.0194572596893
356.90493456752296 2725.8811720675385
361.0418597173337 2627.01625498912
365.2267364308176 2531.7370655322757
369.4601205199303 2439.9135531474703
373.74257423910643 2351.4203840789773
378.07466635993495 2266.1367702919124
382.45697224669993 2183.9463046038977
386.8900739327976 2104.736801796302
391.3745601980384 2028.4001454882064
395.91102664684587 1954.8321405640963
400.5000757873611 1883.9323709538112
405.1423171114647 1815.6040625706823
409.8383671757261 1749.7539512207481
414.58884968329113 1686.2921553027418
419.39439556671863 1625.1320531251329
424.2556430717777 1566.1901646727292
429.1732378422157 1509.3860376614768
434.1478330055092 1454.6421377259321
439.18008925960856 1401.8837425895092
444.27067496068827 1351.038840073058
449.42026621191417 1301.7745857163254
454.6295469532399 1254.0816416406421
459.8992090522438 1208.1360153851672
465.2299523960189 1163.8736908645178
470.6224849841281 1121.2329973330168
476.0775230226368 1080.154523459241
481.5957910192351 1040.5810345485868
487.1780218794631 1002.4573927985161
492.8249570040514 965.7304804753899
498.5373463873894 930.3491259058441
504.3159487171359 896.2640321795811
510.1615314749834 863.4277084642677
516.0748710385908 831.7944038368126
522.0567527846976 801.3200435388484
528.1079711934331 771.9621675675984
534.2293299538352 743.6798715165659
540.4216420705915 716.433749583629
546.6857299720181 690.1858396671166
553.02242561929 664.8995704733925
559.4325706169377 640.5397105622313
565.9170163246242 616.9248880345123
572.4766239702178 594.0645197991598
579.1122647641758 572.0512485772205
585.8248200152535 550.8536850360365
592.6151812475553 530.4416029776769
599.4842503189408 510.78589623897165
606.4329395408062 491.85853718860136
613.4621717992505 473.63253676208586
620.57288067765 456.0819059776627
627.76601058065 439.1816188781998
635.0425168595962 422.9075768462929
642.403365939419 407.23657424165873
649.8495354469889 392.1462653118413
657.3820143409584 377.61513232903457
665.0018030431119 363.6224549075941
672.7099135712336 350.14828045849185
680.5073696735207 337.17339573857225
688.3952069645496 324.67929945405655
696.3744730628222 312.6481758792196
704.4462277299036 301.0628694526258
712.6115430111745 289.82830271870665
720.8715033782134 278.95592995587083
729.2272058728313 268.49141279442506
737.6797602527731 258.4194513871726
746.2302891391108 248.7253198266981
754.8799281653431 239.39484461536333
763.6298261282242 230.41438394294642
772.48114514034 221.77080774162866
781.4350607844542 213.45147848917176
790.492762269642 205.44423273221446
799.6554525892345 197.73736330267872
808.9243486805938 190.3196022012839
818.3006815867388 183.1801041231443
827.7856966198472 176.30843060136291
837.380653526649 169.69453474544082
847.0868266557402 163.32874655218822
856.9055051268347 157.20175876765958
866.8379930019773 151.30461327944658
876.8856094587426 145.62868801942884
887.0496889654403 140.16568435783856
897.3315814583519 134.86777331144094
907.7326525210224 129.7434757541767
918.2542835656282 124.8138749150659
928.8978720164497 120.07157336059988
939.664831495469 115.5094547189702
950.5565920101191 111.12067300131795
961.5746001432095 106.8986423287137
972.7203192450537 102.83702704945216
983.9952296278227 98.92973223183205
995.400828762152 95.17089451815552
1006.9386314760271 91.554873326222
1018.6101701559753 88.07624238511447
1030.4169949505874 84.72978159257694
1042.3606739764011 81.51046918176415
1054.4427935261683 78.41347418560962
1066.6649582795387 75.43414918750456
1079.0287915161834 72.56802334740864
1091.5359353313909 69.81079569292848
1104.18805085416 67.15832866529675
1116.9868184678226 64.606641910567
1129.9339380332217 62.13279438546189
1143.0311291144787 59.741924026445496
1156.2801312073755 57.44305390984785
1169.6827039703846 55.232643901425284
1183.240627458378 53.10729008926879
1196.9557023590428 51.06371954207259
1210.8297502320393 49.0987852691
1224.8646137509306 47.20946137408439
1239.0621569479156 45.39283839560413
1253.4242654613995 43.64611882675526
1267.9528467864338 41.966612807222894
1282.6498305280597 40.35173398111794
1297.5171686575868 38.7989955142005
1312.5568357718428 37.30600626435695
1327.770829355429 35.870467099433384
1343.1611700460153 34.49016735675588
1358.7299019027091 33.16298143888521
1374.4790926775365 31.88686554036373
1390.4108340900696 30.65985450041454
1406.5272421052364 29.48005877674593
1422.8304572143518 28.33688053020742
1439.3226447194063 27.2330763371935
1456.0059950206487 26.1722683096053
1472.882723907502 25.152781639121805
1489.9550728528538 24.17300675505674
1507.2253093107556 23.23139678321626
1524.695727017573 22.326465103738446
1542.3686462966275 21.45678300405996
1560.246414366368 20.62097742330402
1578.3314056521165 19.817728784528693
1596.626022101425 19.045768911413425
1615.132693503091 18.303879026094513
1633.8538778098618 17.590887824989125
1652.7920614648956 16.905669629569086
1671.94975973199 16.247142609166314
1691.3295170296487 15.614267073003017
1710.9339072690152 15.006043828750986
1730.7655341957256 14.421512605028079
1750.827031735725 13.859750535341563
1771.1210643450886 13.319870701085167
1791.6503273639012 12.797175579666117
1812.4175473742375 12.293003073827231
1833.4254825622907 11.808693442275011
1854.6769230846994 11.343464151494986
1876.1746914391215 10.89656349713529
1897.9216428391014 10.467269389448127
1919.9206655932846 10.054888186580245
1942.1746814890264 9.658753573827422
1964.6866461804466 9.278225487042057
1987.4595495809838 8.91268907845454
2010.4964162604992 8.561553723237333
2033.8003058469822 8.22425206520674
2057.374313432914 7.900239100120509
2081.221569986339 7.588991295090026
2105.345242766706 7.290005742684449
2129.748535745521 7.002799348360075
2154.434690031884 6.726908049901821
2179.4069843029556 6.461886067616003
2204.6687352394097 6.207305184062667
2230.2232979659384 5.962754052163849
2256.0740664968616 5.726220533736306
2282.2244741868985 5.4983052342701315
2308.6779941871696 5.2794613992463075
2335.438139906479 5.069327968274929
2362.5084654779475 4.867558251761925
2389.89256623105 4.673819358929732
2417.5940791691305 4.48779164860354
2445.6166834524465 4.309168201856992
2473.964100886814 4.13765431564734
2502.6400964179193 3.9729670166045827
2531.6484786313554 3.814834594172509
2560.9931002584594 3.662996152331369
2590.6778586880087 3.5172011791626234
2620.7066964838523 3.377209133545587
2651.0836019085386 3.2427890483041892
2681.8126094530157 3.1137191491490044
2712.8978003724674 2.9897864887859735
2744.343303228365 2.8707865955880973
2776.153294436801 2.7565231362504954
2808.3319988231724 2.6468075918723284
2840.8836901833038 2.540837821849908
2873.812691851066 2.438842901124711
2907.1233772725786 2.340942278941961
2940.820170587064 2.2469716014697454
2974.907547214441 2.156773112378114
3009.3900344497215 2.0701953880021566
3044.272212064303 1.9870930831360856
3079.5587129142264 1.90732668703168
3115.254223555488 1.8307622891914126
3151.363484866479 1.7572713545630991
3187.8912926776457 1.6867305077586834
3224.8424984084418 1.6190213259348916
3262.2220097116697 1.554030139988065
3300.034791125285 1.4916478437294354
3338.2858647317607 1.4317697107204663
3376.9803108250912 1.3742952184607877
3416.1232685855284 1.3191278796335744
3455.7199367621392 1.2661750801250733
3495.775574363275 1.21534792354634
3536.2955013550427 1.1665610819961798
3577.285099367873 1.119492370229767
3618.7498124112803 1.0742286295212244
3660.695147596902 1.0307950097876701
3703.126675869927 0.9891175148649985
3746.050032748993 0.9491251404311952
3789.4709190746676 0.9107497530389824
3833.3951017666013 0.8739259740394645
3877.828414589457 0.8385910681990201
3922.7767589277196 0.804684836819685
3968.246104569482 0.772149515180932
4014.2424904993222 0.7409296741281228
4060.7720257003657 0.7109721256399777
4107.840889965647 0.6822258322141865
4155.455334718875 0.6546418199167608
4203.6216838447135 0.6281730949470282
4252.346334528682 0.6027745635760917
4301.635758106795 0.5784029553223728
4351.496500925049 0.5550167492333548
4401.935185208874 0.5325761031479257
4452.958509942655 0.5110427858188247
4504.573251759459 0.4902900530858598
4556.786265841064 0.47034810699201074
4609.604486828434 0.4512172749542958
4663.034929742731 0.4328645659141309
4717.084690917017 0.41525833068312923
4771.760948938745 0.3983682073642151
4827.070965603183 0.3821650689926599
4883.02208687788 0.3666209733067555
4939.621743878321 0.35170911456149945
4996.877453854884 0.3374037773022024
5054.79682119124 0.32368029201829174
5113.387538414326 0.3105149926008446
5172.657387216019 0.2978851755304787
5232.614239486662 0.28576906072522745
5293.266058360561 0.274145753980876
5354.620899273607 0.26299521093899214
5416.686911033152 0.2522982025205099
5479.472336900287 0.24203628176525976
5542.985515684669 0.23219175202026002
5607.234882852033 0.22274763642190726
5672.228971644543 0.21365502923924026
5737.976414214133 0.20492315482864254
5804.485942768978 0.19654814235337753
5871.766390733255 0.18851540731996658
5939.826693920357 0.18081096128239765
6008.675891719688 0.17342138748260555
6078.32312829723 0.16633381748648676
6148.777653810023 0.15953590877475526
6220.048825634712 0.15301582324962487
6292.146109610344 0.14676220661988576
6365.079081295571 0.1407641686284767
6438.8574272404185 0.13501126408812514
6513.490946272802 0.1294934746920259
6588.989550799949 0.1242011915678885
6665.363268124914 0.11912519854497017
6742.622241778342 0.11425665610495904
6820.7767328656855 0.10958708598875486
6899.837121430018 0.10510835643234842
6979.813907830659 0.10081266800608377
7060.717714137772 0.09669254003264759
7142.559285543126 0.09272926189939341
7225.349491787214 0.08892512649071001
7309.099328602911 0.08527705056132626
7393.819919175866 0.08177863205732912
7479.522515621821 0.07842373155427351
7566.218500481054 0.07520646148354077
7653.919388230148 0.07212117580065083
7742.636826811269 0.06916246007739962
7832.382599179196 0.06632512200043222
7923.168624866254 0.0636041822595836
8015.006961565406 0.06099486580999455
8107.909806731687 0.05849259349267284
8201.889499202203 0.056092973998793524
8296.958520834907 0.05379179616363922
8393.129498166365 0.05158502157665737
8490.415204088747 0.04946877749466728
8588.82855954625 0.04743935004578046
8688.382635251184 0.04549317771211033
8789.090653419953 0.043626845079833526
8890.965989529157 0.04183707684563607
8994.022174092044 0.04011655535889459
9098.272894455558 0.03846572306116694
9203.73199661822 0.036882822417843075
9310.413487069076 0.03536505811080328
9418.33153464795 0.03390974984368618
9527.50047242729 0.03251432760908592
9637.934799615785 0.031176327150485968
9749.649183484085 0.02989338561091625
9862.65846131282 0.02866323736065092
9976.977642363201 0.027483709996580903
10092.621909870484 0.026352720506196393
10209.606623060476 0.025268271589407695
10327.947319189525 0.02422844813170863
10447.659715608052 0.023231413822457084
10568.75971184805 0.02227540791230074
10691.263391734772 0.02135874210402302
10815.187025522891 0.020479797571319895
10940.547072057436 0.019637022100243266
11067.360180959746 0.018828927348264517
11195.643194838794 0.018054086216117822
11325.413151528126 0.01730942490208782
11456.687286348726 0.01659509336513469
11589.48303439812 0.015910240012262558
11723.818032865998 0.015253648419012123
11859.710123376706 0.014624152355047137
11997.177354358855 0.014020633713041911
12136.237983442417 0.01344202052302376
12276.910479883603 0.012887285048644706
12419.213527017846 0.012355441962001912
12563.166024741215 0.011845546593766533
12708.787092020595 0.011356693255513113
12856.096069432964 0.010888013631271252
13005.112521734098 0.010438675235443149
13155.856240457051 0.010007879934348719
13308.347246540761 0.009594862528773576
13462.60579298911 0.009198889395002257
13618.652367560828 0.008819257181924106
13776.507695490549 0.008455291561898172
13936.192742241434 0.008106346033158867
14097.728716289676 0.0077718007716361965
14261.137071941297 0.007450398495093407
14426.439512181587 0.0071421569292035945
14593.657991557577 0.006846667418695597
14762.81471909391 0.006563402434819385
14933.932161242534 0.006291856270530478
15107.033044866555 0.006031544137864693
15282.140360258709 0.005782001302646551
15459.277364194784 0.005542782254987489
15638.467583022477 0.00531345991409353
15819.734815786016 0.005093624865963406
16003.103137387017 0.0048828846326168735
16188.596901781993 0.004680862971549045
16376.24074521689 0.0044871992041607125
16566.059589499153 0.0043015475719660945
16758.078645307687 0.00412357661942933
16952.323415541214 0.003952968602328122
17148.819698705407 0.0037894189205889836
17347.593592339323 0.0036326355745816873
17548.67149648152 0.0034823386439028488
17752.08011717636 0.003338259787718389
17957.84647002097 0.0031998657634118633
18165.997883753287 0.003067162077465999
18376.562003881725 0.0029399614718153165
18589.566796356885 0.0028180357547373477
18805.040551285834 0.002701166196110451
19023.011886689455 0.002589143135130691
19243.509752303322 0.002481765604291958
19466.56343342263 0.0023788409689549463
19692.202554791733 0.0022801845818588937
19920.457084538713 0.0021856194519565613
20151.357338155583 0.002094975926978733
20384.933982524642 0.0020080913891589846
20621.218039991443 0.0019248099635733175
20860.24089248505 0.001844982238571495
21102.034285685964 0.001768464997799012
21346.630333242454 0.0016951209633290485
21594.061521035674 0.00162481854944392
21844.360711494282 0.0015574316266245215
22097.56114795903 0.0014928392953245438
22353.696459097962 0.0014309256691238802
22612.800663372793 0.0013714449228218128
22874.90817355704 0.0013144171954269186
23140.053801306538 0.001259760632020244
23408.272761782944 0.0012073766490668476
23679.60067833079 0.0011571707614273954
23954.073587208793 0.0011090524119895919
24231.72794237601 0.001062934808381206
24512.6006203334 0.0010187347664703317
24796.7289250216 0.0009763725603708378
25084.15059277541 0.0009357717786825597
25374.903797335715 0.0008968591867071665
25669.027154919517 0.0008595645943912827
25966.559729348723 0.000823820729758839
26267.54103723838 0.0007895631176045115
26572.011053245067 0.0007567299632295453
26880.010215376074 0.0007252620410104104
27191.579430360187 0.0006951025875994013
27506.760079080675 0.0006661971995646567
27825.59402207126 0.0006384937352850942
28148.123605075813 0.0006119422209233741
28474.391664672476 0.0005864299679888544
28804.441533962978 0.0005619735813643722
29138.317048327885 0.0005385370416774993
29476.062551248586 0.0005160778239915955
29817.72290019673 0.0004945551764066931
30163.343472591972 0.0004739300461404235
30512.970171828707 0.0004541650086904281
30866.649433372742 0.00043522419994980146
31224.428230928577 0.00041707325115246884
31586.35408267819 0.00039967922653054715
31952.47505759214 0.0003830105635706281
32322.839781813807 0.00036703701576065923
32697.497445117682 0.00035172959772359946
33076.49780744242 0.00033706053263835863
33459.89120549975 0.0003230032018526741
33847.72855945983 0.0003095320965965583
34240.06137971425 0.00029662277170874884
34636.94177371734 0.0002842518012922511
35038.42245290676 0.00027239673621856257
35444.55673970435 0.00026103606340350513
35855.39857459817 0.0002501162516949194
36271.00252330648 0.000239650091192003
36691.42378402494 0.0002296218568202631
37116.71819475767 0.00022001322620483104
37546.94224073336 0.0002108066435014989
37982.15306190736 0.00020198528733080684
38422.40846055061 0.00019353304005342872
38867.76690892667 0.00018543445833074228
39318.2875570577 0.00017767474491683935
39774.03024058037 0.00017023972163046573
40235.05548869293 0.0001631158034575396
40701.42453219439 0.0001562899737369612
41173.19931161679 0.00014974976038440013
41650.44248545185 0.00014348321311064984
42133.217438472886 0.00013747888159294636
42621.588290153246 0.00013172579455939085
43115.61990318228 0.00012621343974828742
43615.377892080054 0.00012093174470579733
44120.9286319119 0.00011587105838684526
44632.33926710397 0.00011102213352568127
45149.67772036102 0.0001063585252442311
45673.01270168747 0.00010188953637237406
46202.413717513125 9.760831396194647e-05
46737.95107992464 9.350696944642932e-05
47279.69591600391 8.957794565663934e-05
47827.72017727486 8.581400289973225e-05
48382.096649259576 8.220820562294624e-05
48942.89896114532 7.875390963752197e-05
49510.201595563514 7.54447498792752e-05
50084.07989848212 7.227462868327789e-05
50664.610089212685 6.923770455105692e-05
51251.86927053332 6.632838138962356e-05
51845.935438929126 6.354129820251453e-05
52446.88749495119 6.087131921386224e-05
53054.80525369574 5.8313524407302504e-05
53669.76945540476 5.586320046229854e-05
54291.86177618943 5.3515832071187415e-05
54921.16483887789 5.12670936209579e-05
55557.76222398878 4.911284122444108e-05
56201.738480831875 4.704910508623537e-05
56853.179138737534 4.506320924819809e-05
57512.170718416135 4.3160684375598286e-05
58178.800743449356 4.133847798587596e-05
58853.1577519145 3.959319947372454e-05
59535.3313081437 3.792160135874467e-05
60225.41201461928 3.632057324416267e-05
60923.49152400711 3.478713603053578e-05
61629.66255132942 3.3318436373683555e-05
62344.01888627864 3.191174137653678e-05
63066.65540567406 3.056443350503193e-05
63797.668086062826 2.9274005718594904e-05
64537.15401646702 2.80380568061575e-05
65285.21141127848 2.6854286919031554e-05
66041.93962330306 2.5720493292333052e-05
66807.43915695614 2.463456614699699e-05
67581.8116816111 2.3594484764762577e-05
68365.16004510238 2.2598313728826974e-05
69157.58828738524 2.16441993231762e-05
69959.20165435373 2.0730366083895748e-05
70770.10661181889 1.9855113496046317e-05
71590.41085964888 1.9012556384298195e-05
72420.22334607315 1.8205625937271764e-05
73259.6542821523 1.743294184763025e-05
74108.8151564157 1.669305074889078e-05
74967.81874966876 1.598456095084668e-05
75836.7791499719 1.5306139822329932e-05
76715.81176779301 1.4656511285031377e-05
77605.0333513357 1.4034453413666787e-05
78504.56200204509 1.3438796137976033e-05
79414.5171902934 1.2868419042234727e-05
80335.01977124735 1.2322249258140405e-05
81266.19200091946 1.1799259447111461e-05
82208.1575524054 1.1298465868204693e-05
83161.04153230961 1.0818926528018527e-05
84124.97049736118 1.0359739409103351e-05
85100.07247122246 9.920040773547085e-06
86086.47696149244 9.499003538547105e-06
87084.31497690723 9.09583572091299e-06
88093.7190447399 8.709778947575849e-06
89114.823228402 8.340107029303212e-06
90147.76314524916 7.983940655319218e-06
91192.67598459298 7.642962923976892e-06
92249.70052592174 7.3165472539028e-06
93318.9771573324 7.004071763527282e-06
94400.64789417604 6.704941128364592e-06
95494.85639791968 6.418585446940426e-06
96601.74799522647 6.144459155146476e-06
97721.46969725726 5.882039986954401e-06
98854.17021919573 5.63082797950939e-06
100000.0 5.3903445207084054e-06
